2.300000000000000000e+03 2.293243723934656250e+13 2.334791285940103125e+13 1.321779881972958789e+13 1.282688233948375397e+11 8.542548880353195190e+10
2.400000000000000000e+03 2.699025204081833594e+13 2.896164048659817188e+13 1.523425740253663281e+13 1.935076590277050476e+11 1.277424409884757538e+11
2.500000000000000000e+03 3.160798045525112500e+13 3.596913810494032031e+13 1.780591195105989062e+13 2.896677013842752075e+11 1.877139047189045105e+11
2.600000000000000000e+03 3.465975807375623828e+13 4.262814743533704688e+13 2.048966786633712500e+13 3.906548658123738403e+11 2.876335959310598145e+11
2.700000000000000000e+03 3.796343400407954688e+13 5.053211284268897656e+13 2.367837542497495312e+13 4.592538916444071045e+11 3.993398362203018188e+11
2.800000000000000000e+03 4.126444673629067188e+13 5.861347983399264062e+13 2.710774597633777734e+13 5.771364023538955078e+11 5.637276726801916504e+11
2.900000000000000000e+03 4.461914934244075000e+13 6.820421983442846875e+13 3.139713223027603125e+13 7.715182211421776123e+11 8.283752912191025391e+11
3.000000000000000000e+03 4.801335413831487500e+13 7.822579079646281250e+13 3.606165047730545312e+13 1.043825059874002563e+12 1.331853482152053711e+12
3.100000000000000000e+03 5.156670324305660938e+13 8.875110282681246875e+13 4.075300750782641406e+13 1.747966738775098877e+12 2.368499832900959961e+12
3.200000000000000000e+03 5.536645765372141406e+13 9.739466243867006250e+13 4.477323389957439062e+13 2.541015364333078613e+12 3.666329665203297363e+12
3.300000000000000000e+03 5.937272738803159375e+13 1.049607091811558438e+14 4.826320311139592188e+13 3.827936008121059570e+12 6.249380055804208008e+12
3.400000000000000000e+03 6.394903742576553125e+13 1.119853830690868125e+14 5.118225847047237500e+13 6.377186292565049805e+12 1.198206869040686133e+13
3.500000000000000000e+03 6.912051824813853906e+13 1.189536980356727500e+14 5.381561119481985156e+13 1.046962615783809766e+13 2.169164879011630078e+13
3.600000000000000000e+03 7.475473536702893750e+13 1.256911756244681406e+14 5.616549831498600000e+13 1.564314424585511328e+13 3.447362889278687891e+13
3.700000000000000000e+03 8.107045643778134375e+13 1.321886083166923125e+14 5.838757596922382812e+13 2.249707924653038281e+13 5.067973989729953906e+13
3.800000000000000000e+03 8.812703438495203125e+13 1.388136511403218125e+14 6.055753807951335938e+13 3.095580428940249609e+13 6.954551633245494531e+13
3.900000000000000000e+03 9.593126269953296875e+13 1.456600150219636875e+14 6.270362190125860156e+13 4.167045701350847656e+13 9.146283197087017188e+13
4.000000000000000000e+03 1.043415216718799375e+14 1.520936412492687500e+14 6.469954171053375000e+13 5.314172194804406250e+13 1.149090988446494688e+14
4.100000000000000000e+03 1.132896299488251250e+14 1.586924172053378125e+14 6.671599986202728906e+13 6.662377578845224219e+13 1.412756228986210625e+14
4.200000000000000000e+03 1.227111187948736250e+14 1.658739204419709375e+14 6.891064890377557812e+13 8.465814604000221875e+13 1.732133027911597812e+14
4.300000000000000000e+03 1.322709658349428438e+14 1.733956449605188125e+14 7.114647540943840625e+13 1.042501429883909531e+14 2.075268664429731250e+14
4.400000000000000000e+03 1.420975156396744062e+14 1.804293184483930000e+14 7.330021748246806250e+13 1.272262294865679375e+14 2.460544164711451562e+14
4.500000000000000000e+03 1.520679907891121875e+14 1.876221261445403125e+14 7.551049538203067188e+13 1.559008688272897500e+14 2.899547526617443125e+14
4.600000000000000000e+03 1.620725790127035000e+14 1.946122878696647812e+14 7.765252810338381250e+13 1.868420160905049688e+14 3.361230183102040000e+14
4.700000000000000000e+03 1.721294984255513750e+14 2.015908157689085000e+14 7.980082415209335938e+13 2.220643047465473125e+14 3.858863283498623750e+14
4.800000000000000000e+03 1.822235809726431562e+14 2.085304888925884375e+14 8.193796505158240625e+13 2.627085518860923125e+14 4.399069316428838750e+14
4.900000000000000000e+03 1.922868598412518125e+14 2.153490815032348125e+14 8.404223333441050000e+13 3.092660110398640625e+14 4.981806710060067500e+14
5.000000000000000000e+03 2.000428936484210000e+14 2.183605813602033750e+14 8.491459771473425000e+13 3.605018389131524375e+14 5.550339031133414375e+14
5.100000000000000000e+03 2.131186361268003438e+14 2.279204783373596250e+14 8.876970680389234375e+13 4.421618444939292500e+14 6.381979036764432500e+14
5.200000000000000000e+03 2.203804104504743438e+14 2.321896365009491562e+14 9.029854160376950000e+13 4.980065107175287500e+14 6.938247519462476250e+14
5.300000000000000000e+03 2.338963633040778750e+14 2.398560574679782188e+14 9.303486621487962500e+13 5.956478857110745000e+14 7.947448390855402500e+14
5.400000000000000000e+03 2.406477713751521562e+14 2.436257106086100938e+14 9.437706381348393750e+13 6.625326312623560000e+14 8.548336628106001250e+14
5.500000000000000000e+03 2.504324755558179375e+14 2.485326818278598125e+14 9.609645499976053125e+13 7.591959605804292500e+14 9.427561381346838750e+14
5.600000000000000000e+03 2.620797933529361875e+14 2.534632206982456250e+14 9.771741754202409375e+13 8.916636136259918750e+14 1.060228176998594500e+15
5.700000000000000000e+03 2.678701936517823438e+14 2.558723904717726250e+14 9.858299006560754688e+13 9.806710720507928750e+14 1.126623669680002500e+15
5.800000000000000000e+03 2.775617143114337188e+14 2.606256442265081250e+14 1.002047282726881562e+14 1.108502856769582500e+15 1.230216228382885000e+15
5.900000000000000000e+03 2.890950875543737500e+14 2.675923082633060000e+14 1.025158477532535938e+14 1.265389690753921500e+15 1.354874749805911750e+15
6.000000000000000000e+03 2.989558006292552500e+14 2.726430014838358125e+14 1.042676592162752500e+14 1.414780157580501500e+15 1.470443182900125250e+15
6.100000000000000000e+03 3.089423557976188750e+14 2.778714733870558750e+14 1.060529702036643594e+14 1.621905203714820250e+15 1.611080797102717250e+15
6.200000000000000000e+03 3.195212700299351875e+14 2.841872700906197500e+14 1.080100238019399688e+14 2.029678347371244250e+15 1.822072693845357250e+15
6.300000000000000000e+03 3.304638332108279375e+14 2.891610471687857500e+14 1.098773869253040000e+14 2.180694188372615000e+15 1.955344200027061000e+15
6.400000000000000000e+03 3.402474261151926250e+14 2.955161637511706875e+14 1.117440078837503594e+14 2.482925302686900500e+15 2.115739638265593250e+15
6.500000000000000000e+03 3.496028433593040625e+14 3.001061947634415625e+14 1.132411754010016562e+14 2.728900190128142000e+15 2.270155830547325500e+15
6.600000000000000000e+03 3.589977392994567500e+14 3.045378541886267500e+14 1.147668060054032500e+14 3.001064823765771500e+15 2.437226351974882500e+15
6.700000000000000000e+03 3.684845861598614375e+14 3.093380324921461250e+14 1.163884721719060938e+14 3.288984951778035000e+15 2.609972092246425000e+15
6.800000000000000000e+03 3.776867016484716250e+14 3.138640026755046250e+14 1.179183365534593438e+14 3.593117529893968500e+15 2.788375174391370000e+15
6.900000000000000000e+03 3.868110550140180000e+14 3.184053407804901250e+14 1.194460881656904219e+14 3.916698386767644500e+15 2.973940329822586000e+15
7.000000000000000000e+03 3.952463038196828125e+14 3.228151928904721250e+14 1.209160880719392188e+14 4.228582043761161500e+15 3.149435496199267000e+15
7.200000000000000000e+03 4.148350135964366250e+14 3.333782262845386250e+14 1.244451796068229531e+14 4.991518203263011000e+15 3.569570324052237500e+15
7.400000000000000000e+03 4.309368494635956250e+14 3.418710308075734375e+14 1.271822656637028750e+14 5.762555869679159000e+15 3.970850693825507000e+15
7.600000000000000000e+03 4.491661257255748125e+14 3.527151516274591875e+14 1.307871197647521562e+14 6.555397756775259000e+15 4.385477447230629500e+15
7.800000000000000000e+03 4.663844521395573750e+14 3.629360931411308750e+14 1.340860396778069062e+14 7.407745509212442000e+15 4.820200568922425000e+15
8.000000000000000000e+03 4.833240841262935000e+14 3.734177137698253125e+14 1.373934796150701250e+14 8.229195553978979000e+15 5.241463053124186000e+15
8.200000000000000000e+03 4.975305889700273750e+14 3.822193502046448125e+14 1.400640094713752656e+14 8.938625537009893000e+15 5.614992157551905000e+15
8.400000000000000000e+03 5.112502660752052500e+14 3.908359050796597500e+14 1.426117012146135625e+14 9.573906605454714000e+15 5.964140859100680000e+15
8.600000000000000000e+03 5.232017977995032500e+14 3.983386483122371250e+14 1.447586597227489062e+14 1.010296036129235200e+16 6.264568807558929000e+15
8.800000000000000000e+03 5.343295964392353750e+14 4.054154954683570000e+14 1.467908313443358750e+14 1.057275454617947400e+16 6.535230879397883000e+15
9.000000000000000000e+03 5.439825289737714375e+14 4.116043875807127500e+14 1.486045805088109062e+14 1.098320818905560600e+16 6.771961603592537000e+15
9.200000000000000000e+03 5.525661146759720000e+14 4.171272500023580000e+14 1.502801764862369688e+14 1.136275590988825200e+16 6.988138032237014000e+15
